start=1513.762250
pause=yes
volume=64.000000
vid=1
sid=no
